99
1 
2 1 
1 3 2 
1 2 4 3 
4 3 2 1 5 
6 3 1 4 5 2 
2 4 5 7 6 3 1 
4 3 1 7 5 6 8 2 
3 4 1 2 6 7 8 5 9 
10 9 1 8 6 3 4 5 7 2 
6 8 1 10 7 5 11 3 2 9 4 
5 7 6 3 8 1 12 4 11 10 2 9 
9 6 3 11 1 2 10 7 13 8 4 12 5 
10 4 12 7 5 8 3 6 14 13 9 1 11 2 
8 4 3 6 14 5 11 1 12 10 15 7 9 2 13 
8 9 2 13 11 7 4 16 1 12 14 3 15 5 6 10 
15 16 11 7 14 8 10 12 1 2 17 3 4 5 13 6 9 
13 11 5 16 4 1 7 2 9 15 8 10 3 18 14 12 6 17 
8 13 14 7 1 11 6 3 10 12 16 9 5 4 15 19 17 2 18 
1 2 10 15 17 8 12 4 14 20 11 5 3 13 6 18 16 9 7 19 
7 21 8 2 11 1 18 16 19 9 17 10 4 5 6 20 12 13 3 14 15 
22 17 3 1 9 8 13 5 12 6 2 15 21 4 7 19 10 11 14 20 16 18 
8 21 16 5 9 14 23 3 2 4 19 12 10 20 11 15 6 13 7 1 22 17 18 
6 22 14 24 11 13 17 10 1 21 16 20 19 5 9 7 3 8 2 12 4 18 15 23 
23 5 13 20 16 7 6 22 18 14 2 12 25 19 10 8 9 15 3 11 21 1 4 24 17 
4 1 26 14 13 23 15 3 18 16 22 21 9 11 5 20 25 7 8 24 17 10 12 6 19 2 
25 21 20 2 22 27 8 6 10 26 5 4 16 12 3 23 18 24 15 13 1 19 7 9 17 14 11 
19 26 20 24 13 25 5 9 3 11 15 2 10 1 16 23 17 4 14 21 6 28 22 7 18 27 12 8 
18 25 23 19 27 14 21 2 29 16 11 3 22 4 6 13 7 9 26 20 17 5 1 15 8 28 24 12 10 
4 7 18 27 2 8 20 16 19 22 6 11 28 5 13 25 10 21 1 17 14 23 3 12 15 9 29 26 24 30 
23 10 22 17 19 18 31 1 14 7 21 5 27 12 2 24 15 29 26 8 6 28 13 25 20 30 16 4 11 3 9 
22 23 7 25 20 29 3 18 16 19 6 2 11 1 12 5 8 28 17 30 10 14 27 31 32 4 21 13 26 24 15 9 
25 18 23 24 26 8 12 27 22 17 21 9 32 14 29 20 16 33 19 15 3 4 28 2 1 13 10 11 30 7 31 6 5 
20 1 15 21 13 11 32 18 2 10 17 24 4 19 27 23 28 14 9 3 25 31 8 34 29 12 16 30 26 5 7 22 6 33 
14 15 4 10 24 18 33 9 11 21 29 23 20 2 26 3 32 8 12 25 19 34 17 35 30 27 22 31 6 16 13 5 7 1 28 
24 20 14 13 30 9 34 6 19 33 23 29 4 16 21 5 35 32 18 22 28 1 8 17 12 15 25 3 7 31 27 2 36 10 26 11 
20 29 4 8 14 28 26 15 22 7 11 27 34 23 5 24 25 12 18 2 32 17 3 19 33 35 10 21 16 31 9 30 6 13 37 1 36 
25 24 37 12 11 3 5 2 14 4 6 20 34 36 33 32 18 13 26 21 7 15 19 28 9 22 8 31 38 1 17 23 35 29 16 30 27 10 
18 9 7 28 12 38 5 24 39 25 35 27 33 22 29 17 15 6 19 10 11 2 21 36 13 31 32 4 37 20 34 14 8 16 26 3 1 30 23 
26 29 40 10 6 20 15 22 18 30 11 39 35 34 7 16 36 14 33 37 4 8 9 2 31 38 19 24 3 13 27 32 12 23 21 5 1 28 25 17 
41 14 2 3 5 23 28 39 8 1 32 6 10 17 35 34 13 25 31 37 20 29 9 38 26 36 22 18 24 12 30 33 4 21 19 11 40 16 15 7 27 
38 13 16 29 20 22 31 1 10 42 36 15 32 17 39 40 28 18 21 30 33 12 7 3 9 26 11 2 24 6 14 4 5 35 19 27 25 34 8 23 41 37 
6 42 3 16 13 12 1 9 26 30 17 39 8 40 38 10 27 43 23 41 18 35 15 36 20 32 19 24 29 33 31 2 4 28 14 25 34 22 21 11 5 37 7 
40 34 38 44 25 24 22 10 1 42 17 32 18 5 12 41 27 26 36 16 33 29 28 37 20 21 4 39 43 7 23 31 9 15 19 6 30 13 14 11 3 2 8 35 
21 33 36 27 19 35 20 25 31 8 16 38 13 29 41 17 37 32 42 15 30 40 43 18 11 7 10 4 26 24 1 14 44 39 28 23 12 6 9 3 5 34 22 2 45 
14 34 27 18 41 24 31 9 46 28 29 43 7 37 3 44 1 26 22 11 35 30 20 32 45 5 19 25 8 39 10 6 12 4 33 16 13 38 21 17 36 42 2 40 15 23 
46 9 45 11 37 23 10 19 36 20 7 30 5 26 35 40 13 6 33 24 27 44 22 16 14 47 15 34 41 32 1 38 39 12 21 42 8 4 28 43 2 29 17 31 3 25 18 
18 2 13 45 19 20 14 38 22 5 3 12 31 44 9 1 37 15 27 40 33 36 16 43 46 21 39 29 24 28 17 32 47 48 6 26 8 10 30 41 42 7 11 34 25 4 23 35 
5 27 45 31 8 36 39 19 15 48 35 40 47 10 42 25 43 29 32 12 17 38 9 11 20 4 23 22 49 30 13 1 26 37 41 3 28 21 44 6 16 2 18 24 46 7 14 33 34 
13 24 9 39 19 3 31 47 16 8 49 14 18 32 42 40 33 11 48 15 27 35 44 34 43 45 4 17 12 20 6 50 41 38 30 1 37 23 10 36 5 2 29 22 25 28 46 26 21 7 
11 32 51 34 27 4 46 14 31 2 19 15 41 1 13 24 43 10 30 38 49 22 12 42 9 45 21 26 20 33 36 44 28 48 16 25 47 18 6 3 23 8 5 29 35 17 40 50 7 37 39 
11 21 24 41 18 6 1 36 19 28 46 12 23 50 10 47 3 16 30 17 49 39 51 34 35 32 42 2 40 20 13 9 5 37 45 52 27 7 44 43 15 48 31 8 29 14 26 22 4 38 25 33 
3 47 37 23 33 39 17 7 42 18 45 32 46 29 8 5 49 25 19 15 52 28 10 13 48 51 20 53 6 27 43 22 40 41 14 16 11 34 9 36 12 44 2 26 50 21 30 4 31 38 24 1 35 
50 52 14 23 36 48 41 15 5 33 40 20 45 13 17 8 3 27 22 29 47 32 53 28 51 30 21 4 24 34 9 18 35 1 38 25 16 11 19 46 7 6 39 12 43 26 10 31 2 44 49 37 54 42 
2 35 26 51 1 9 20 36 30 3 49 10 44 32 53 40 37 41 16 27 7 12 29 48 5 14 34 43 17 19 23 31 15 25 18 4 11 6 42 24 21 52 13 55 47 38 54 45 8 22 46 39 50 28 33 
29 16 28 45 55 22 14 46 36 23 11 20 10 39 42 33 41 53 15 3 49 9 4 32 17 51 31 21 1 30 25 6 27 19 8 7 12 18 56 47 34 52 50 54 13 5 37 48 43 24 26 35 44 38 2 40 
50 22 27 45 7 13 41 40 8 39 48 30 42 49 44 12 16 9 19 53 2 4 32 33 47 21 28 51 10 34 38 56 24 20 11 1 31 35 5 29 3 14 55 36 46 26 17 23 15 57 25 18 52 54 6 43 37 
12 53 1 21 33 26 46 56 2 29 30 57 14 10 17 38 7 32 9 35 3 43 5 22 54 11 8 42 19 13 50 4 24 52 36 58 23 44 47 34 40 6 31 49 25 27 51 48 41 18 39 20 55 16 28 15 37 45 
29 6 5 7 8 4 34 38 53 50 18 25 21 51 46 16 58 14 55 48 32 22 44 19 2 52 36 43 12 37 47 15 54 27 20 59 17 23 41 13 30 11 42 31 39 35 10 33 45 1 26 56 24 28 9 49 40 57 3 
15 9 39 34 37 40 55 41 8 58 26 36 10 1 5 21 22 32 17 53 4 23 7 20 51 52 29 59 30 60 28 31 42 18 14 47 56 19 46 49 25 43 33 16 54 11 12 44 57 45 50 3 13 38 35 48 27 24 6 2 
61 2 59 49 42 47 31 52 34 44 11 26 41 30 16 55 35 20 60 38 53 24 25 29 7 12 23 15 27 32 33 18 1 21 22 51 37 13 48 17 39 28 14 6 3 8 9 5 36 4 58 54 57 19 50 46 45 10 40 43 56 
51 22 1 44 59 20 47 11 52 28 18 3 48 35 38 39 42 33 4 57 58 15 5 61 37 16 62 40 24 8 23 49 2 32 43 21 30 13 10 14 12 36 31 29 41 46 26 60 19 54 27 55 6 25 9 7 50 53 34 45 56 17 
4 40 53 37 17 48 34 58 9 47 2 21 62 10 57 61 24 43 11 35 5 49 42 13 6 15 28 46 33 20 50 8 54 56 27 23 51 14 29 63 45 32 44 31 36 12 22 19 18 25 38 59 52 60 3 39 1 16 41 7 26 55 30 
60 11 45 55 48 4 22 58 50 35 14 39 44 6 16 13 51 61 33 19 32 26 5 18 30 63 52 40 47 36 12 31 15 64 7 20 29 46 56 42 17 38 21 10 25 1 49 43 34 27 23 8 62 24 9 53 3 57 2 37 41 54 59 28 
2 48 33 26 9 64 41 7 35 57 59 3 55 61 27 42 46 37 47 50 34 1 21 13 56 18 31 32 24 10 17 30 15 60 65 4 58 38 8 19 40 52 36 11 25 5 23 62 63 54 14 53 16 20 49 6 28 39 45 51 43 44 12 22 29 
12 6 41 20 55 35 24 30 65 59 58 39 26 3 45 44 33 60 15 2 7 38 66 14 36 63 51 50 1 62 16 10 25 52 40 53 13 34 49 32 23 19 56 48 9 43 29 28 64 42 18 4 47 54 21 8 22 31 37 5 57 61 46 11 27 17 
57 46 48 6 58 34 22 44 30 64 27 33 47 61 11 49 13 54 63 14 16 40 66 52 20 62 7 53 4 21 5 39 3 45 23 42 10 36 17 37 41 35 38 55 24 59 56 31 1 12 9 25 28 50 29 2 15 65 26 51 60 32 43 18 19 67 8 
47 56 41 30 33 61 22 40 62 26 38 42 11 55 16 17 58 46 60 18 32 37 14 50 28 10 36 48 57 54 51 63 31 9 1 35 29 8 19 2 5 39 43 53 25 3 23 67 6 65 34 4 24 52 12 64 13 44 27 15 66 20 68 7 21 59 49 45 
55 53 29 18 9 25 43 26 48 68 38 17 3 23 33 6 62 65 39 12 52 2 24 8 51 14 1 42 67 45 58 41 34 4 69 30 7 59 61 27 32 49 54 20 66 11 10 19 50 46 44 5 13 36 22 16 63 31 21 28 47 57 60 35 64 15 37 40 56 
10 57 24 61 70 40 37 3 15 4 59 9 5 45 69 39 52 38 25 55 60 62 65 51 68 28 49 6 58 18 1 53 50 13 32 34 23 21 2 36 54 27 67 46 35 8 30 63 33 44 64 17 41 7 43 19 31 47 11 12 16 29 22 14 26 42 56 66 20 48 
26 58 30 18 21 38 55 5 62 7 44 17 64 31 68 69 9 51 63 41 32 10 57 61 40 25 8 53 47 6 3 12 42 70 34 66 33 2 48 22 43 35 37 27 19 13 28 36 4 71 39 24 16 67 65 50 56 60 11 46 49 15 45 14 54 52 1 20 59 29 23 
49 61 42 35 56 20 54 60 63 66 71 70 22 39 45 30 68 16 69 19 14 33 6 72 37 2 40 9 8 21 62 1 51 34 15 13 47 27 48 10 65 5 17 11 53 4 52 23 38 32 24 28 67 26 18 59 36 43 12 64 50 46 55 44 29 3 31 57 7 25 58 41 
4 27 51 55 41 56 62 52 60 21 48 6 53 35 67 65 5 45 43 25 7 40 37 20 31 49 22 54 70 61 8 24 57 17 12 69 68 9 15 3 66 63 59 10 39 23 11 34 38 73 46 18 72 30 71 58 47 16 28 36 64 14 29 26 50 19 42 32 2 13 44 1 33 
27 25 39 42 3 23 10 68 22 15 33 28 73 62 34 61 53 17 46 58 49 43 64 47 65 30 1 19 11 50 16 32 2 72 51 20 37 48 21 70 7 59 67 63 60 56 52 74 18 44 9 12 54 45 26 8 71 66 4 5 57 38 13 24 31 29 36 55 41 69 14 6 40 35 
63 13 55 23 67 14 10 19 17 24 72 30 46 8 49 33 38 54 60 15 59 16 34 43 44 50 41 29 6 64 45 66 62 5 22 37 35 56 40 18 32 65 3 58 39 70 74 42 1 2 61 48 36 26 57 12 11 52 9 68 31 7 25 73 27 53 21 71 47 69 4 28 75 51 20 
60 20 67 18 10 35 74 70 71 2 61 41 15 76 14 54 5 17 34 32 36 12 21 30 55 27 13 56 46 57 4 19 42 31 22 11 75 45 62 43 68 6 59 25 47 26 65 69 64 40 38 58 63 49 66 7 16 50 24 23 48 53 8 1 33 51 9 28 52 72 3 37 39 29 44 73 
62 49 33 7 71 51 42 39 23 38 36 5 17 53 77 30 74 50 72 43 35 13 69 65 15 40 59 4 52 8 24 66 14 44 45 63 37 41 58 26 3 75 10 9 12 31 54 32 16 21 70 11 28 57 19 18 61 64 67 56 2 48 46 25 22 60 68 55 20 34 76 47 73 29 27 1 6 
71 54 65 4 74 3 67 20 31 68 48 56 73 30 18 75 63 41 37 13 23 62 49 25 26 76 72 8 7 29 51 57 70 53 2 34 60 42 17 19 40 69 43 44 14 35 64 1 58 21 33 47 61 6 11 45 5 55 28 9 46 15 22 78 39 32 24 59 27 10 52 38 66 12 36 77 50 16 
31 37 70 2 57 14 58 41 44 25 67 75 12 20 50 33 29 43 52 27 42 74 4 65 35 17 22 30 6 71 28 19 36 1 61 48 18 24 11 10 77 47 26 9 64 5 72 78 56 7 51 34 79 66 54 23 73 38 8 62 15 69 60 68 16 39 3 13 76 53 63 45 40 49 59 55 46 32 21 
51 26 18 7 4 46 22 73 68 35 47 77 38 56 5 78 33 41 3 24 50 60 39 61 44 13 15 11 10 32 63 62 75 66 48 49 53 14 27 69 45 21 59 31 16 54 43 40 52 20 36 72 19 12 29 8 76 67 42 23 71 57 74 80 17 25 58 64 2 6 55 65 30 70 1 79 37 34 9 28 
3 31 40 48 50 68 61 16 39 62 74 38 53 58 52 19 67 2 76 65 6 22 5 73 8 57 24 44 9 75 18 55 33 10 27 71 26 51 47 34 70 46 42 36 64 12 28 25 69 29 30 66 60 81 14 32 21 35 77 37 13 59 41 43 54 15 49 78 63 79 20 23 56 7 4 72 17 1 11 80 45 
72 2 44 39 81 27 35 12 60 45 24 70 30 66 14 22 13 38 32 23 3 10 34 17 56 36 20 41 4 59 29 62 68 61 42 25 37 50 67 63 6 48 73 46 57 64 71 19 77 76 31 75 82 79 69 18 16 51 11 58 78 52 49 9 15 53 43 26 40 54 65 74 1 21 5 47 33 55 8 80 7 28 
26 83 20 67 15 22 66 21 49 51 68 25 29 48 27 40 23 80 7 50 1 73 53 6 46 24 69 75 54 5 2 81 39 3 28 76 30 14 65 33 77 38 42 82 59 35 45 52 71 58 17 64 79 63 34 62 43 32 74 8 18 16 13 72 36 11 61 37 70 78 57 47 10 12 55 60 19 31 41 44 9 56 4 
9 11 83 44 31 63 6 69 40 78 81 5 65 75 33 30 47 64 4 24 70 23 82 74 56 14 37 60 79 72 15 34 2 3 8 19 29 25 73 62 45 43 1 21 17 13 66 36 80 59 67 35 77 53 55 49 28 41 26 7 22 58 46 20 48 61 84 50 38 12 39 10 52 27 68 16 71 32 51 76 54 57 18 42 
68 17 6 74 34 54 16 9 60 15 64 39 76 53 77 41 29 18 35 63 71 82 25 51 55 61 32 23 2 85 79 37 66 27 30 22 3 48 11 14 10 69 84 33 59 44 70 28 73 8 50 4 49 38 45 40 58 5 20 36 67 1 72 26 83 47 57 62 75 81 12 21 78 31 46 80 56 13 24 43 42 19 52 65 7 
39 20 76 79 71 81 68 19 22 4 33 12 36 15 85 7 41 10 42 50 65 77 21 25 57 37 86 62 66 24 73 44 9 30 54 56 55 67 78 61 38 84 1 3 58 46 31 47 34 64 60 48 52 72 6 53 8 32 59 49 17 2 75 70 80 23 63 45 27 26 16 5 18 51 82 40 13 74 11 35 43 69 83 28 29 14 
52 87 17 48 69 30 60 19 16 66 65 81 39 71 11 85 40 43 80 23 28 34 55 36 82 20 24 6 41 53 68 64 56 73 72 77 75 58 2 15 9 79 61 12 46 13 49 38 67 74 76 31 32 62 1 78 14 37 57 63 84 45 26 86 3 5 10 35 4 7 22 42 25 18 27 29 70 54 83 50 44 8 21 33 51 59 47 
35 70 68 2 26 53 6 40 32 71 23 25 3 69 58 44 55 61 5 83 88 81 74 59 86 64 43 37 10 41 66 27 79 15 38 39 54 19 46 51 63 87 17 49 82 78 65 80 72 42 1 14 56 8 28 45 22 29 84 60 24 50 77 67 48 76 73 52 18 57 13 31 4 9 62 16 11 33 7 12 21 47 75 36 34 20 85 30 
28 52 64 9 3 8 38 67 29 62 68 4 51 85 40 54 63 37 75 18 17 19 6 33 80 58 36 70 34 65 39 26 43 77 47 89 87 23 41 44 50 27 81 16 20 53 35 24 57 1 79 73 82 76 22 25 31 11 15 13 12 84 72 48 86 78 5 56 32 59 66 2 45 61 74 71 14 7 46 83 69 88 42 10 55 30 60 49 21 
73 70 80 66 59 49 62 58 24 35 7 82 64 28 19 4 87 42 31 32 52 22 5 48 37 55 45 17 26 89 79 15 27 2 77 90 46 36 29 23 61 69 20 13 81 40 44 21 68 34 16 78 39 43 14 51 6 11 63 57 9 75 3 12 71 76 74 38 8 65 84 33 50 30 56 86 83 10 54 85 1 72 67 53 18 60 88 25 47 41 
86 50 90 21 34 91 35 31 8 46 83 23 67 60 40 61 28 57 87 36 58 69 6 4 64 9 18 15 16 19 13 37 65 78 84 71 22 66 26 42 79 74 30 51 75 39 3 24 68 25 55 88 29 27 11 33 20 85 63 73 81 41 62 70 44 89 59 52 43 82 14 1 80 45 38 5 2 53 32 47 17 76 77 54 49 48 72 10 7 12 56 
38 6 11 35 88 56 31 92 71 20 33 82 16 24 12 68 49 53 84 83 29 27 81 70 42 69 3 78 47 18 19 40 72 26 50 37 39 28 73 79 25 86 9 54 2 17 21 52 44 45 5 22 58 46 8 66 15 48 63 41 80 13 23 61 32 91 4 74 77 76 85 30 55 90 14 57 75 10 1 65 43 59 7 89 62 60 36 51 87 67 64 34 
33 13 11 42 29 38 58 17 23 24 34 71 28 25 66 37 46 26 67 84 87 30 69 80 62 39 50 72 27 89 88 20 59 9 74 82 3 10 49 41 1 12 91 47 4 44 31 78 53 48 32 60 18 56 73 83 54 77 63 45 61 8 55 93 6 92 79 68 5 15 22 21 43 65 51 57 86 19 7 90 35 16 52 14 2 75 81 70 85 64 40 36 76 
43 79 32 47 55 4 38 23 88 13 3 90 58 39 91 82 41 85 70 20 37 62 11 33 51 69 8 10 12 26 1 78 46 7 24 21 60 71 72 44 81 42 2 18 86 92 87 19 25 50 73 65 16 56 31 40 77 34 35 68 52 59 22 48 6 17 45 27 61 29 64 74 67 5 54 14 15 80 53 75 89 28 76 63 36 9 83 94 49 84 57 66 30 93 
83 32 94 73 64 15 54 24 38 51 67 59 31 36 3 85 27 37 61 39 52 8 47 19 86 1 14 93 33 70 42 53 58 13 18 21 56 66 16 87 49 57 92 35 30 50 88 7 48 76 40 12 89 28 75 22 55 63 4 80 65 74 72 91 45 6 77 43 5 44 84 20 71 79 95 25 78 81 34 60 26 9 10 69 11 46 90 62 82 29 68 17 23 41 2 
54 4 9 40 53 55 66 72 74 68 76 36 86 25 79 23 48 58 31 61 75 63 87 51 94 73 18 16 84 21 89 57 93 65 64 46 90 11 43 37 44 24 6 26 85 30 33 27 83 52 14 42 12 7 69 13 92 8 47 91 41 81 67 17 38 80 10 28 45 56 78 59 32 77 35 88 62 20 1 29 3 19 39 95 22 5 15 70 50 82 60 2 49 71 34 96 
23 93 94 92 30 13 46 48 39 10 35 97 53 20 95 31 49 15 82 28 70 6 59 24 84 78 63 32 80 38 7 89 69 36 16 68 65 52 17 72 34 42 1 76 64 51 21 96 57 25 86 58 33 37 88 43 47 56 41 61 26 67 60 91 85 45 66 87 79 8 62 14 90 73 18 54 40 75 5 22 81 77 50 71 29 9 74 4 3 19 55 44 83 11 12 27 2 
46 30 12 28 49 8 93 37 31 79 82 69 19 36 14 65 77 59 5 42 80 33 35 55 74 3 60 81 7 87 1 4 6 51 43 11 57 68 47 38 25 63 89 13 70 29 78 94 73 27 61 48 32 91 52 50 40 39 88 96 75 9 53 64 44 26 18 2 66 17 98 67 24 58 16 84 86 95 76 92 83 20 56 54 45 34 85 10 21 90 41 15 97 72 22 62 23 71 
86 61 83 9 71 22 53 84 56 41 44 73 49 82 16 74 47 28 45 90 65 43 30 57 42 72 79 91 77 10 12 37 32 31 1 99 15 2 81 69 63 64 78 85 75 96 92 50 25 40 19 29 8 87 48 88 18 21 24 55 33 34 67 36 6 94 95 68 35 60 23 66 76 17 58 3 98 70 89 11 51 93 46 5 27 38 13 97 20 54 59 52 4 62 7 26 39 80 14 
